       N       E                     dE             d eps       ncg     rms          rms(c)
DAV:   1    -0.454177433913E+03   -0.45418E+03   -0.56903E+01  1080   0.799E+00    0.137E-01
RMM:   2    -0.454371483622E+03   -0.19405E+00   -0.19429E+00  1125   0.194E+00    0.610E-02
RMM:   3    -0.454382929010E+03   -0.11445E-01   -0.12732E-01  1223   0.384E-01    0.449E-02
RMM:   4    -0.454383647645E+03   -0.71863E-03   -0.73919E-03  1067   0.107E-01    0.310E-02
RMM:   5    -0.454383707898E+03   -0.60253E-04   -0.57149E-04   976   0.322E-02    0.618E-03
RMM:   6    -0.454383713325E+03   -0.54269E-05   -0.43988E-05   822   0.106E-02
   1 F= -.45438371E+03 E0= -.45438366E+03  d E =-.113130E-03
