       N       E                     dE             d eps       ncg     rms          rms(c)
DAV:   1    -0.453292601804E+03   -0.45329E+03   -0.28414E+02  1356   0.216E+01    0.497E-01
RMM:   2    -0.454280402469E+03   -0.98780E+00   -0.99020E+00  1419   0.566E+00    0.203E-01
RMM:   3    -0.454332679086E+03   -0.52277E-01   -0.58528E-01  1588   0.109E+00    0.154E-01
RMM:   4    -0.454336546953E+03   -0.38679E-02   -0.40641E-02  1580   0.312E-01    0.152E-01
RMM:   5    -0.454336652972E+03   -0.10602E-03   -0.31911E-03  1515   0.908E-02    0.605E-02
RMM:   6    -0.454336679615E+03   -0.26643E-04   -0.47898E-04  1537   0.450E-02    0.135E-02
RMM:   7    -0.454336687439E+03   -0.78243E-05   -0.21881E-05  1027   0.110E-02
   1 F= -.45433669E+03 E0= -.45433663E+03  d E =-.115024E-03
