       N       E                     dE             d eps       ncg     rms          rms(c)
DAV:   1    -0.454133808726E+03   -0.45413E+03   -0.56915E+01  1080   0.799E+00    0.124E-01
RMM:   2    -0.454327889815E+03   -0.19408E+00   -0.19429E+00  1131   0.193E+00    0.634E-02
RMM:   3    -0.454339289050E+03   -0.11399E-01   -0.12723E-01  1256   0.386E-01    0.448E-02
RMM:   4    -0.454339995037E+03   -0.70599E-03   -0.73789E-03  1006   0.104E-01    0.341E-02
RMM:   5    -0.454340052676E+03   -0.57639E-04   -0.59631E-04  1125   0.349E-02    0.659E-03
RMM:   6    -0.454340058083E+03   -0.54069E-05   -0.43554E-05   822   0.100E-02
   1 F= -.45434006E+03 E0= -.45434000E+03  d E =-.114192E-03
