       N       E                     dE             d eps       ncg     rms          rms(c)
DAV:   1    -0.453294396604E+03   -0.45329E+03   -0.28416E+02  1356   0.217E+01    0.498E-01
RMM:   2    -0.454282117923E+03   -0.98772E+00   -0.99017E+00  1418   0.566E+00    0.206E-01
RMM:   3    -0.454334362959E+03   -0.52245E-01   -0.58504E-01  1579   0.110E+00    0.155E-01
RMM:   4    -0.454338246046E+03   -0.38831E-02   -0.40761E-02  1578   0.312E-01    0.153E-01
RMM:   5    -0.454338346081E+03   -0.10003E-03   -0.31405E-03  1514   0.901E-02    0.611E-02
RMM:   6    -0.454338372151E+03   -0.26071E-04   -0.48368E-04  1533   0.454E-02    0.151E-02
RMM:   7    -0.454338379167E+03   -0.70157E-05   -0.21918E-05  1034   0.111E-02
   1 F= -.45433838E+03 E0= -.45433832E+03  d E =-.112384E-03
