       N       E                     dE             d eps       ncg     rms          rms(c)
DAV:   1    -0.453501954108E+03   -0.45350E+03   -0.22742E+02  1080   0.148E+01    0.390E-01
RMM:   2    -0.454295579221E+03   -0.79363E+00   -0.79504E+00  1129   0.379E+00    0.160E-01
RMM:   3    -0.454336683748E+03   -0.41105E-01   -0.45826E-01  1231   0.732E-01    0.118E-01
RMM:   4    -0.454339902607E+03   -0.32189E-02   -0.33181E-02  1190   0.218E-01    0.120E-01
RMM:   5    -0.454340054036E+03   -0.15143E-03   -0.25011E-03  1200   0.681E-02    0.483E-02
RMM:   6    -0.454340089793E+03   -0.35758E-04   -0.34586E-04  1212   0.351E-02    0.100E-02
RMM:   7    -0.454340097303E+03   -0.75095E-05   -0.13893E-05   791   0.822E-03
   1 F= -.45434010E+03 E0= -.45434004E+03  d E =-.114158E-03
