       N       E                     dE             d eps       ncg     rms          rms(c)
DAV:   1    -0.453294942869E+03   -0.45329E+03   -0.28416E+02  1356   0.217E+01    0.499E-01
RMM:   2    -0.454282751032E+03   -0.98781E+00   -0.99025E+00  1418   0.566E+00    0.209E-01
RMM:   3    -0.454334997286E+03   -0.52246E-01   -0.58546E-01  1581   0.110E+00    0.155E-01
RMM:   4    -0.454338849902E+03   -0.38526E-02   -0.40472E-02  1573   0.310E-01    0.153E-01
RMM:   5    -0.454338953528E+03   -0.10363E-03   -0.31999E-03  1511   0.912E-02    0.611E-02
RMM:   6    -0.454338979967E+03   -0.26440E-04   -0.49591E-04  1532   0.461E-02    0.157E-02
RMM:   7    -0.454338987036E+03   -0.70684E-05   -0.22167E-05  1038   0.111E-02
   1 F= -.45433899E+03 E0= -.45433893E+03  d E =-.116222E-03
