       N       E                     dE             d eps       ncg     rms          rms(c)
DAV:   1    -0.453293924692E+03   -0.45329E+03   -0.28413E+02  1344   0.216E+01    0.497E-01
RMM:   2    -0.454281601610E+03   -0.98768E+00   -0.99011E+00  1419   0.566E+00    0.202E-01
RMM:   3    -0.454333885617E+03   -0.52284E-01   -0.58514E-01  1577   0.109E+00    0.154E-01
RMM:   4    -0.454337735625E+03   -0.38500E-02   -0.40450E-02  1577   0.311E-01    0.152E-01
RMM:   5    -0.454337844204E+03   -0.10858E-03   -0.31961E-03  1517   0.910E-02    0.606E-02
RMM:   6    -0.454337870552E+03   -0.26348E-04   -0.48436E-04  1530   0.454E-02    0.146E-02
RMM:   7    -0.454337877561E+03   -0.70090E-05   -0.21729E-05  1028   0.110E-02
   1 F= -.45433788E+03 E0= -.45433782E+03  d E =-.109718E-03
