       N       E                     dE             d eps       ncg     rms          rms(c)
DAV:   1    -0.453501656993E+03   -0.45350E+03   -0.22742E+02  1080   0.148E+01    0.389E-01
RMM:   2    -0.454295092965E+03   -0.79344E+00   -0.79484E+00  1125   0.379E+00    0.160E-01
RMM:   3    -0.454336154812E+03   -0.41062E-01   -0.45783E-01  1229   0.732E-01    0.119E-01
RMM:   4    -0.454339376285E+03   -0.32215E-02   -0.33206E-02  1182   0.218E-01    0.120E-01
RMM:   5    -0.454339526539E+03   -0.15025E-03   -0.25012E-03  1202   0.680E-02    0.490E-02
RMM:   6    -0.454339561977E+03   -0.35439E-04   -0.34819E-04  1211   0.353E-02    0.985E-03
RMM:   7    -0.454339569702E+03   -0.77248E-05   -0.14189E-05   789   0.835E-03
   1 F= -.45433957E+03 E0= -.45433951E+03  d E =-.115447E-03
