       N       E                     dE             d eps       ncg     rms          rms(c)
DAV:   1    -0.453294588751E+03   -0.45329E+03   -0.28414E+02  1356   0.217E+01    0.499E-01
RMM:   2    -0.454282441487E+03   -0.98785E+00   -0.99030E+00  1418   0.566E+00    0.205E-01
RMM:   3    -0.454334765976E+03   -0.52324E-01   -0.58577E-01  1578   0.110E+00    0.154E-01
RMM:   4    -0.454338627631E+03   -0.38617E-02   -0.40538E-02  1576   0.311E-01    0.152E-01
RMM:   5    -0.454338735395E+03   -0.10776E-03   -0.31845E-03  1513   0.905E-02    0.611E-02
RMM:   6    -0.454338761597E+03   -0.26202E-04   -0.49444E-04  1530   0.460E-02    0.158E-02
RMM:   7    -0.454338768403E+03   -0.68056E-05   -0.22078E-05  1029   0.111E-02
   1 F= -.45433877E+03 E0= -.45433871E+03  d E =-.118044E-03
