       N       E                     dE             d eps       ncg     rms          rms(c)
DAV:   1    -0.453291558946E+03   -0.45329E+03   -0.28415E+02  1356   0.216E+01    0.497E-01
RMM:   2    -0.454279260972E+03   -0.98770E+00   -0.99014E+00  1421   0.566E+00    0.199E-01
RMM:   3    -0.454331571583E+03   -0.52311E-01   -0.58523E-01  1580   0.109E+00    0.153E-01
RMM:   4    -0.454335435305E+03   -0.38637E-02   -0.40596E-02  1576   0.312E-01    0.150E-01
RMM:   5    -0.454335544809E+03   -0.10950E-03   -0.32060E-03  1513   0.913E-02    0.581E-02
RMM:   6    -0.454335573134E+03   -0.28325E-04   -0.46032E-04  1536   0.437E-02    0.127E-02
RMM:   7    -0.454335580533E+03   -0.73987E-05   -0.21871E-05  1024   0.110E-02
   1 F= -.45433558E+03 E0= -.45433552E+03  d E =-.114235E-03
