       N       E                     dE             d eps       ncg     rms          rms(c)
DAV:   1    -0.453501997603E+03   -0.45350E+03   -0.22742E+02  1080   0.149E+01    0.389E-01
RMM:   2    -0.454295473096E+03   -0.79348E+00   -0.79488E+00  1134   0.379E+00    0.160E-01
RMM:   3    -0.454336543906E+03   -0.41071E-01   -0.45798E-01  1225   0.731E-01    0.119E-01
RMM:   4    -0.454339764460E+03   -0.32206E-02   -0.33197E-02  1175   0.218E-01    0.120E-01
RMM:   5    -0.454339911437E+03   -0.14698E-03   -0.24983E-03  1201   0.679E-02    0.493E-02
RMM:   6    -0.454339945169E+03   -0.33732E-04   -0.34783E-04  1216   0.352E-02    0.947E-03
RMM:   7    -0.454339952909E+03   -0.77406E-05   -0.14352E-05   795   0.838E-03
   1 F= -.45433995E+03 E0= -.45433990E+03  d E =-.114882E-03
