       N       E                     dE             d eps       ncg     rms          rms(c)
DAV:   1    -0.453293220540E+03   -0.45329E+03   -0.28414E+02  1356   0.216E+01    0.498E-01
RMM:   2    -0.454280970756E+03   -0.98775E+00   -0.99024E+00  1418   0.566E+00    0.202E-01
RMM:   3    -0.454333276848E+03   -0.52306E-01   -0.58552E-01  1580   0.109E+00    0.153E-01
RMM:   4    -0.454337143888E+03   -0.38670E-02   -0.40601E-02  1576   0.311E-01    0.151E-01
RMM:   5    -0.454337251725E+03   -0.10784E-03   -0.31838E-03  1512   0.905E-02    0.602E-02
RMM:   6    -0.454337278375E+03   -0.26650E-04   -0.48400E-04  1534   0.454E-02    0.148E-02
RMM:   7    -0.454337285454E+03   -0.70792E-05   -0.21345E-05  1028   0.108E-02
   1 F= -.45433729E+03 E0= -.45433723E+03  d E =-.113018E-03
