       N       E                     dE             d eps       ncg     rms          rms(c)
DAV:   1    -0.452771918599E+03   -0.45277E+03   -0.28444E+02  1356   0.219E+01    0.493E-01
RMM:   2    -0.453762499666E+03   -0.99058E+00   -0.99292E+00  1431   0.573E+00    0.224E-01
RMM:   3    -0.453814431553E+03   -0.51932E-01   -0.58717E-01  1597   0.110E+00    0.175E-01
RMM:   4    -0.453818184097E+03   -0.37525E-02   -0.40783E-02  1574   0.319E-01    0.152E-01
RMM:   5    -0.453818277224E+03   -0.93128E-04   -0.38446E-03  1505   0.114E-01    0.291E-02
RMM:   6    -0.453818320415E+03   -0.43191E-04   -0.37273E-04  1487   0.361E-02    0.131E-02
RMM:   7    -0.453818328222E+03   -0.78062E-05   -0.20009E-05  1019   0.104E-02
   1 F= -.45381833E+03 E0= -.45381824E+03  d E =-.184699E-03
