       N       E                     dE             d eps       ncg     rms          rms(c)
DAV:   1    -0.453291660915E+03   -0.45329E+03   -0.28412E+02  1356   0.217E+01    0.497E-01
RMM:   2    -0.454279449442E+03   -0.98779E+00   -0.99026E+00  1413   0.566E+00    0.201E-01
RMM:   3    -0.454331724314E+03   -0.52275E-01   -0.58488E-01  1578   0.109E+00    0.153E-01
RMM:   4    -0.454335661612E+03   -0.39373E-02   -0.41279E-02  1584   0.313E-01    0.151E-01
RMM:   5    -0.454335772588E+03   -0.11098E-03   -0.31737E-03  1516   0.902E-02    0.606E-02
RMM:   6    -0.454335799133E+03   -0.26545E-04   -0.48454E-04  1533   0.453E-02    0.141E-02
RMM:   7    -0.454335806393E+03   -0.72597E-05   -0.21085E-05  1029   0.108E-02
   1 F= -.45433581E+03 E0= -.45433575E+03  d E =-.113792E-03
