       N       E                     dE             d eps       ncg     rms          rms(c)
DAV:   1    -0.453501838362E+03   -0.45350E+03   -0.22742E+02  1092   0.149E+01    0.390E-01
RMM:   2    -0.454295372707E+03   -0.79353E+00   -0.79495E+00  1133   0.379E+00    0.160E-01
RMM:   3    -0.454336441972E+03   -0.41069E-01   -0.45795E-01  1231   0.731E-01    0.118E-01
RMM:   4    -0.454339663604E+03   -0.32216E-02   -0.33202E-02  1180   0.218E-01    0.120E-01
RMM:   5    -0.454339812469E+03   -0.14887E-03   -0.24987E-03  1201   0.679E-02    0.488E-02
RMM:   6    -0.454339847119E+03   -0.34649E-04   -0.34641E-04  1213   0.351E-02    0.965E-03
RMM:   7    -0.454339854553E+03   -0.74345E-05   -0.14089E-05   794   0.829E-03
   1 F= -.45433985E+03 E0= -.45433980E+03  d E =-.113877E-03
