       N       E                     dE             d eps       ncg     rms          rms(c)
DAV:   1    -0.453295006887E+03   -0.45330E+03   -0.28412E+02  1356   0.215E+01    0.493E-01
RMM:   2    -0.454282840562E+03   -0.98783E+00   -0.99014E+00  1415   0.564E+00    0.200E-01
RMM:   3    -0.454335164738E+03   -0.52324E-01   -0.58540E-01  1568   0.109E+00    0.151E-01
RMM:   4    -0.454339050963E+03   -0.38862E-02   -0.40632E-02  1564   0.310E-01    0.152E-01
RMM:   5    -0.454339186663E+03   -0.13570E-03   -0.30689E-03  1527   0.849E-02    0.768E-02
RMM:   6    -0.454339202164E+03   -0.15501E-04   -0.51738E-04  1518   0.476E-02    0.101E-02
RMM:   7    -0.454339216174E+03   -0.14010E-04   -0.31092E-05  1075   0.131E-02    0.136E-02
RMM:   8    -0.454339219034E+03   -0.28600E-05   -0.10267E-05   933   0.801E-03
   1 F= -.45433922E+03 E0= -.45433916E+03  d E =-.114626E-03
