       N       E                     dE             d eps       ncg     rms          rms(c)
DAV:   1    -0.453295719209E+03   -0.45330E+03   -0.28411E+02  1356   0.216E+01    0.490E-01
RMM:   2    -0.454283547722E+03   -0.98783E+00   -0.99006E+00  1414   0.563E+00    0.198E-01
RMM:   3    -0.454335882907E+03   -0.52335E-01   -0.58529E-01  1570   0.109E+00    0.151E-01
RMM:   4    -0.454339767381E+03   -0.38845E-02   -0.40575E-02  1562   0.309E-01    0.152E-01
RMM:   5    -0.454339916441E+03   -0.14906E-03   -0.30230E-03  1536   0.823E-02    0.854E-02
RMM:   6    -0.454339921564E+03   -0.51231E-05   -0.52265E-04  1515   0.479E-02    0.990E-03
RMM:   7    -0.454339939258E+03   -0.17694E-04   -0.42794E-05  1176   0.151E-02    0.140E-02
RMM:   8    -0.454339941858E+03   -0.25995E-05   -0.93045E-06   937   0.770E-03
   1 F= -.45433994E+03 E0= -.45433988E+03  d E =-.114150E-03
