       N       E                     dE             d eps       ncg     rms          rms(c)
DAV:   1    -0.454090669014E+03   -0.45409E+03   -0.56939E+01  1080   0.799E+00    0.146E-01
RMM:   2    -0.454284694443E+03   -0.19403E+00   -0.19434E+00  1133   0.195E+00    0.101E-01
RMM:   3    -0.454295966408E+03   -0.11272E-01   -0.12708E-01  1225   0.393E-01    0.529E-02
RMM:   4    -0.454296679126E+03   -0.71272E-03   -0.73800E-03  1000   0.104E-01    0.380E-02
RMM:   5    -0.454296746520E+03   -0.67394E-04   -0.59637E-04  1098   0.356E-02    0.543E-03
RMM:   6    -0.454296752908E+03   -0.63877E-05   -0.43927E-05   827   0.103E-02
   1 F= -.45429675E+03 E0= -.45429669E+03  d E =-.125638E-03
