       N       E                     dE             d eps       ncg     rms          rms(c)
DAV:   1    -0.453289015318E+03   -0.45329E+03   -0.28416E+02  1356   0.216E+01    0.496E-01
RMM:   2    -0.454276738597E+03   -0.98772E+00   -0.99020E+00  1415   0.566E+00    0.204E-01
RMM:   3    -0.454328961287E+03   -0.52223E-01   -0.58444E-01  1577   0.109E+00    0.155E-01
RMM:   4    -0.454332886013E+03   -0.39247E-02   -0.41176E-02  1572   0.312E-01    0.153E-01
RMM:   5    -0.454332986924E+03   -0.10091E-03   -0.32102E-03  1510   0.918E-02    0.589E-02
RMM:   6    -0.454333015696E+03   -0.28772E-04   -0.48304E-04  1529   0.453E-02    0.157E-02
RMM:   7    -0.454333022017E+03   -0.63214E-05   -0.22071E-05  1037   0.110E-02
   1 F= -.45433302E+03 E0= -.45433297E+03  d E =-.106424E-03
