       N       E                     dE             d eps       ncg     rms          rms(c)
DAV:   1    -0.453501777311E+03   -0.45350E+03   -0.22742E+02  1080   0.149E+01    0.390E-01
RMM:   2    -0.454295278549E+03   -0.79350E+00   -0.79493E+00  1134   0.379E+00    0.160E-01
RMM:   3    -0.454336355318E+03   -0.41077E-01   -0.45801E-01  1225   0.731E-01    0.118E-01
RMM:   4    -0.454339574668E+03   -0.32194E-02   -0.33185E-02  1178   0.218E-01    0.119E-01
RMM:   5    -0.454339722991E+03   -0.14832E-03   -0.25003E-03  1199   0.679E-02    0.485E-02
RMM:   6    -0.454339756718E+03   -0.33727E-04   -0.34507E-04  1214   0.350E-02    0.955E-03
RMM:   7    -0.454339764111E+03   -0.73925E-05   -0.13953E-05   798   0.822E-03
   1 F= -.45433976E+03 E0= -.45433971E+03  d E =-.114387E-03
