       N       E                     dE             d eps       ncg     rms          rms(c)
DAV:   1    -0.454133435702E+03   -0.45413E+03   -0.56914E+01  1080   0.799E+00    0.125E-01
RMM:   2    -0.454327461569E+03   -0.19403E+00   -0.19424E+00  1125   0.193E+00    0.635E-02
RMM:   3    -0.454338840263E+03   -0.11379E-01   -0.12701E-01  1240   0.386E-01    0.442E-02
RMM:   4    -0.454339555375E+03   -0.71511E-03   -0.74454E-03   997   0.104E-01    0.338E-02
RMM:   5    -0.454339612806E+03   -0.57430E-04   -0.58972E-04  1111   0.345E-02    0.649E-03
RMM:   6    -0.454339617846E+03   -0.50401E-05   -0.42957E-05   823   0.101E-02
   1 F= -.45433962E+03 E0= -.45433956E+03  d E =-.114812E-03
