       N       E                     dE             d eps       ncg     rms          rms(c)
DAV:   1    -0.453293831612E+03   -0.45329E+03   -0.28413E+02  1356   0.216E+01    0.499E-01
RMM:   2    -0.454281921836E+03   -0.98809E+00   -0.99050E+00  1414   0.566E+00    0.208E-01
RMM:   3    -0.454334202435E+03   -0.52281E-01   -0.58589E-01  1581   0.110E+00    0.154E-01
RMM:   4    -0.454338081108E+03   -0.38787E-02   -0.40729E-02  1574   0.311E-01    0.152E-01
RMM:   5    -0.454338187548E+03   -0.10644E-03   -0.31751E-03  1514   0.901E-02    0.621E-02
RMM:   6    -0.454338212448E+03   -0.24900E-04   -0.49700E-04  1531   0.461E-02    0.146E-02
RMM:   7    -0.454338220222E+03   -0.77736E-05   -0.22642E-05  1038   0.112E-02
   1 F= -.45433822E+03 E0= -.45433816E+03  d E =-.116907E-03
