       N       E                     dE             d eps       ncg     rms          rms(c)
DAV:   1    -0.453292773194E+03   -0.45329E+03   -0.28415E+02  1356   0.216E+01    0.498E-01
RMM:   2    -0.454280273303E+03   -0.98750E+00   -0.98998E+00  1418   0.566E+00    0.201E-01
RMM:   3    -0.454332579956E+03   -0.52307E-01   -0.58509E-01  1576   0.109E+00    0.154E-01
RMM:   4    -0.454336436778E+03   -0.38568E-02   -0.40490E-02  1575   0.310E-01    0.152E-01
RMM:   5    -0.454336539166E+03   -0.10239E-03   -0.31498E-03  1511   0.905E-02    0.590E-02
RMM:   6    -0.454336567323E+03   -0.28157E-04   -0.47580E-04  1532   0.449E-02    0.156E-02
RMM:   7    -0.454336573531E+03   -0.62084E-05   -0.21096E-05  1029   0.108E-02
   1 F= -.45433657E+03 E0= -.45433652E+03  d E =-.113098E-03
