       N       E                     dE             d eps       ncg     rms          rms(c)
DAV:   1    -0.453295081015E+03   -0.45330E+03   -0.28413E+02  1356   0.216E+01    0.500E-01
RMM:   2    -0.454282918864E+03   -0.98784E+00   -0.99035E+00  1417   0.566E+00    0.210E-01
RMM:   3    -0.454335111526E+03   -0.52193E-01   -0.58498E-01  1581   0.110E+00    0.154E-01
RMM:   4    -0.454339037918E+03   -0.39264E-02   -0.41161E-02  1576   0.312E-01    0.153E-01
RMM:   5    -0.454339143023E+03   -0.10510E-03   -0.31643E-03  1515   0.899E-02    0.632E-02
RMM:   6    -0.454339167529E+03   -0.24506E-04   -0.51670E-04  1525   0.474E-02    0.170E-02
RMM:   7    -0.454339174419E+03   -0.68897E-05   -0.21708E-05  1038   0.110E-02
   1 F= -.45433917E+03 E0= -.45433912E+03  d E =-.115594E-03
