       N       E                     dE             d eps       ncg     rms          rms(c)
DAV:   1    -0.453292392174E+03   -0.45329E+03   -0.28413E+02  1356   0.216E+01    0.497E-01
RMM:   2    -0.454280369587E+03   -0.98798E+00   -0.99040E+00  1420   0.566E+00    0.203E-01
RMM:   3    -0.454332699546E+03   -0.52330E-01   -0.58573E-01  1584   0.110E+00    0.154E-01
RMM:   4    -0.454336564280E+03   -0.38647E-02   -0.40602E-02  1578   0.311E-01    0.152E-01
RMM:   5    -0.454336672594E+03   -0.10831E-03   -0.31871E-03  1516   0.905E-02    0.614E-02
RMM:   6    -0.454336698450E+03   -0.25856E-04   -0.48427E-04  1533   0.453E-02    0.138E-02
RMM:   7    -0.454336706225E+03   -0.77749E-05   -0.21749E-05  1031   0.110E-02
   1 F= -.45433671E+03 E0= -.45433665E+03  d E =-.114450E-03
