       N       E                     dE             d eps       ncg     rms          rms(c)
DAV:   1    -0.453297514512E+03   -0.45330E+03   -0.28412E+02  1356   0.216E+01    0.500E-01
RMM:   2    -0.454285384327E+03   -0.98787E+00   -0.99036E+00  1416   0.566E+00    0.206E-01
RMM:   3    -0.454337686315E+03   -0.52302E-01   -0.58583E-01  1567   0.110E+00    0.153E-01
RMM:   4    -0.454341563239E+03   -0.38769E-02   -0.40672E-02  1580   0.312E-01    0.151E-01
RMM:   5    -0.454341673300E+03   -0.11006E-03   -0.31757E-03  1518   0.901E-02    0.609E-02
RMM:   6    -0.454341699751E+03   -0.26452E-04   -0.48438E-04  1533   0.453E-02    0.145E-02
RMM:   7    -0.454341707230E+03   -0.74786E-05   -0.21589E-05  1027   0.109E-02
   1 F= -.45434171E+03 E0= -.45434165E+03  d E =-.118422E-03
