       N       E                     dE             d eps       ncg     rms          rms(c)
DAV:   1    -0.454133984091E+03   -0.45413E+03   -0.56919E+01  1080   0.800E+00    0.124E-01
RMM:   2    -0.454328003003E+03   -0.19402E+00   -0.19424E+00  1126   0.193E+00    0.628E-02
RMM:   3    -0.454339374916E+03   -0.11372E-01   -0.12701E-01  1254   0.387E-01    0.440E-02
RMM:   4    -0.454340084892E+03   -0.70998E-03   -0.74452E-03  1008   0.104E-01    0.338E-02
RMM:   5    -0.454340137019E+03   -0.52127E-04   -0.59225E-04  1118   0.346E-02    0.639E-03
RMM:   6    -0.454340142371E+03   -0.53519E-05   -0.42847E-05   819   0.100E-02
   1 F= -.45434014E+03 E0= -.45434009E+03  d E =-.114482E-03
