       N       E                     dE             d eps       ncg     rms          rms(c)
DAV:   1    -0.453294589989E+03   -0.45329E+03   -0.28412E+02  1344   0.216E+01    0.500E-01
RMM:   2    -0.454282123955E+03   -0.98753E+00   -0.99013E+00  1417   0.566E+00    0.193E-01
RMM:   3    -0.454334501307E+03   -0.52377E-01   -0.58525E-01  1587   0.109E+00    0.151E-01
RMM:   4    -0.454338372940E+03   -0.38716E-02   -0.40665E-02  1579   0.312E-01    0.147E-01
RMM:   5    -0.454338491580E+03   -0.11864E-03   -0.32098E-03  1512   0.916E-02    0.542E-02
RMM:   6    -0.454338522339E+03   -0.30759E-04   -0.43844E-04  1541   0.421E-02    0.119E-02
RMM:   7    -0.454338528720E+03   -0.63813E-05   -0.19313E-05  1018   0.102E-02
   1 F= -.45433853E+03 E0= -.45433847E+03  d E =-.113135E-03
