       N       E                     dE             d eps       ncg     rms          rms(c)
DAV:   1    -0.453294982201E+03   -0.45329E+03   -0.28417E+02  1356   0.216E+01    0.505E-01
RMM:   2    -0.454282607579E+03   -0.98763E+00   -0.99026E+00  1420   0.566E+00    0.215E-01
RMM:   3    -0.454334777466E+03   -0.52170E-01   -0.58531E-01  1570   0.110E+00    0.155E-01
RMM:   4    -0.454338657952E+03   -0.38805E-02   -0.40748E-02  1579   0.312E-01    0.153E-01
RMM:   5    -0.454338759309E+03   -0.10136E-03   -0.31816E-03  1509   0.905E-02    0.624E-02
RMM:   6    -0.454338783940E+03   -0.24631E-04   -0.51952E-04  1521   0.475E-02    0.173E-02
RMM:   7    -0.454338790645E+03   -0.67050E-05   -0.21376E-05  1038   0.108E-02
   1 F= -.45433879E+03 E0= -.45433874E+03  d E =-.107779E-03
