       N       E                     dE             d eps       ncg     rms          rms(c)
DAV:   1    -0.453293105158E+03   -0.45329E+03   -0.28411E+02  1356   0.216E+01    0.490E-01
RMM:   2    -0.454280909631E+03   -0.98780E+00   -0.99002E+00  1417   0.563E+00    0.201E-01
RMM:   3    -0.454333216438E+03   -0.52307E-01   -0.58524E-01  1575   0.109E+00    0.151E-01
RMM:   4    -0.454337101309E+03   -0.38849E-02   -0.40585E-02  1565   0.309E-01    0.153E-01
RMM:   5    -0.454337248914E+03   -0.14760E-03   -0.30169E-03  1532   0.820E-02    0.860E-02
RMM:   6    -0.454337252406E+03   -0.34921E-05   -0.52703E-04  1517   0.482E-02    0.989E-03
RMM:   7    -0.454337270373E+03   -0.17967E-04   -0.42893E-05  1176   0.151E-02    0.141E-02
RMM:   8    -0.454337273170E+03   -0.27973E-05   -0.93391E-06   937   0.771E-03
   1 F= -.45433727E+03 E0= -.45433721E+03  d E =-.118511E-03
