       N       E                     dE             d eps       ncg     rms          rms(c)
DAV:   1    -0.453289180990E+03   -0.45329E+03   -0.28416E+02  1356   0.216E+01    0.497E-01
RMM:   2    -0.454276852989E+03   -0.98767E+00   -0.99013E+00  1422   0.566E+00    0.204E-01
RMM:   3    -0.454329136241E+03   -0.52283E-01   -0.58510E-01  1574   0.109E+00    0.155E-01
RMM:   4    -0.454332989807E+03   -0.38536E-02   -0.40496E-02  1577   0.310E-01    0.152E-01
RMM:   5    -0.454333094872E+03   -0.10507E-03   -0.32044E-03  1511   0.913E-02    0.602E-02
RMM:   6    -0.454333121785E+03   -0.26913E-04   -0.49092E-04  1528   0.458E-02    0.155E-02
RMM:   7    -0.454333128282E+03   -0.64974E-05   -0.21365E-05  1026   0.109E-02
   1 F= -.45433313E+03 E0= -.45433307E+03  d E =-.111446E-03
