       N       E                     dE             d eps       ncg     rms          rms(c)
DAV:   1    -0.453291325917E+03   -0.45329E+03   -0.28412E+02  1356   0.217E+01    0.499E-01
RMM:   2    -0.454279122357E+03   -0.98780E+00   -0.99030E+00  1415   0.566E+00    0.205E-01
RMM:   3    -0.454331360424E+03   -0.52238E-01   -0.58494E-01  1583   0.110E+00    0.153E-01
RMM:   4    -0.454335304865E+03   -0.39444E-02   -0.41341E-02  1577   0.313E-01    0.151E-01
RMM:   5    -0.454335408039E+03   -0.10317E-03   -0.31272E-03  1519   0.897E-02    0.609E-02
RMM:   6    -0.454335434060E+03   -0.26022E-04   -0.48657E-04  1530   0.456E-02    0.149E-02
RMM:   7    -0.454335441323E+03   -0.72630E-05   -0.21706E-05  1032   0.109E-02
   1 F= -.45433544E+03 E0= -.45433538E+03  d E =-.117383E-03
