       N       E                     dE             d eps       ncg     rms          rms(c)
DAV:   1    -0.453296480358E+03   -0.45330E+03   -0.28416E+02  1356   0.217E+01    0.501E-01
RMM:   2    -0.454284344032E+03   -0.98786E+00   -0.99035E+00  1425   0.566E+00    0.211E-01
RMM:   3    -0.454336561804E+03   -0.52218E-01   -0.58533E-01  1580   0.110E+00    0.155E-01
RMM:   4    -0.454340424463E+03   -0.38627E-02   -0.40557E-02  1577   0.311E-01    0.153E-01
RMM:   5    -0.454340528736E+03   -0.10427E-03   -0.31938E-03  1511   0.909E-02    0.611E-02
RMM:   6    -0.454340555139E+03   -0.26403E-04   -0.49790E-04  1532   0.462E-02    0.158E-02
RMM:   7    -0.454340562119E+03   -0.69799E-05   -0.22573E-05  1038   0.112E-02
   1 F= -.45434056E+03 E0= -.45434051E+03  d E =-.114164E-03
