       N       E                     dE             d eps       ncg     rms          rms(c)
DAV:   1    -0.453293510404E+03   -0.45329E+03   -0.28414E+02  1356   0.216E+01    0.499E-01
RMM:   2    -0.454281249922E+03   -0.98774E+00   -0.99020E+00  1420   0.566E+00    0.207E-01
RMM:   3    -0.454333453647E+03   -0.52204E-01   -0.58473E-01  1576   0.110E+00    0.154E-01
RMM:   4    -0.454337375102E+03   -0.39215E-02   -0.41138E-02  1573   0.312E-01    0.152E-01
RMM:   5    -0.454337481145E+03   -0.10604E-03   -0.31813E-03  1511   0.905E-02    0.613E-02
RMM:   6    -0.454337507042E+03   -0.25897E-04   -0.49201E-04  1530   0.458E-02    0.147E-02
RMM:   7    -0.454337514405E+03   -0.73626E-05   -0.21955E-05  1035   0.111E-02
   1 F= -.45433751E+03 E0= -.45433746E+03  d E =-.116507E-03
