       N       E                     dE             d eps       ncg     rms          rms(c)
DAV:   1    -0.453294043357E+03   -0.45329E+03   -0.28414E+02  1356   0.216E+01    0.500E-01
RMM:   2    -0.454281799195E+03   -0.98776E+00   -0.99023E+00  1425   0.566E+00    0.207E-01
RMM:   3    -0.454334050592E+03   -0.52251E-01   -0.58509E-01  1582   0.110E+00    0.154E-01
RMM:   4    -0.454337969497E+03   -0.39189E-02   -0.41078E-02  1578   0.312E-01    0.152E-01
RMM:   5    -0.454338075776E+03   -0.10628E-03   -0.31807E-03  1509   0.906E-02    0.608E-02
RMM:   6    -0.454338102790E+03   -0.27014E-04   -0.49782E-04  1526   0.462E-02    0.167E-02
RMM:   7    -0.454338109140E+03   -0.63492E-05   -0.22136E-05  1038   0.111E-02
   1 F= -.45433811E+03 E0= -.45433805E+03  d E =-.114567E-03
