       N       E                     dE             d eps       ncg     rms          rms(c)
DAV:   1    -0.453294909259E+03   -0.45329E+03   -0.28412E+02  1356   0.215E+01    0.492E-01
RMM:   2    -0.454282755845E+03   -0.98785E+00   -0.99012E+00  1415   0.564E+00    0.201E-01
RMM:   3    -0.454335083869E+03   -0.52328E-01   -0.58537E-01  1570   0.109E+00    0.152E-01
RMM:   4    -0.454338949679E+03   -0.38658E-02   -0.40439E-02  1563   0.309E-01    0.153E-01
RMM:   5    -0.454339083361E+03   -0.13368E-03   -0.30759E-03  1525   0.853E-02    0.769E-02
RMM:   6    -0.454339099638E+03   -0.16277E-04   -0.51709E-04  1517   0.476E-02    0.102E-02
RMM:   7    -0.454339113800E+03   -0.14163E-04   -0.31678E-05  1083   0.133E-02    0.138E-02
RMM:   8    -0.454339116489E+03   -0.26891E-05   -0.10550E-05   938   0.812E-03
   1 F= -.45433912E+03 E0= -.45433906E+03  d E =-.114902E-03
