       N       E                     dE             d eps       ncg     rms          rms(c)
DAV:   1    -0.453498384420E+03   -0.45350E+03   -0.22742E+02  1092   0.149E+01    0.390E-01
RMM:   2    -0.454291828594E+03   -0.79344E+00   -0.79484E+00  1137   0.379E+00    0.162E-01
RMM:   3    -0.454332880087E+03   -0.41051E-01   -0.45787E-01  1226   0.732E-01    0.119E-01
RMM:   4    -0.454336101081E+03   -0.32210E-02   -0.33197E-02  1175   0.218E-01    0.120E-01
RMM:   5    -0.454336252703E+03   -0.15162E-03   -0.25026E-03  1204   0.680E-02    0.489E-02
RMM:   6    -0.454336288874E+03   -0.36171E-04   -0.35051E-04  1217   0.355E-02    0.105E-02
RMM:   7    -0.454336296370E+03   -0.74964E-05   -0.14224E-05   792   0.833E-03
   1 F= -.45433630E+03 E0= -.45433624E+03  d E =-.122576E-03
