       N       E                     dE             d eps       ncg     rms          rms(c)
DAV:   1     0.347361163929E+03    0.34736E+03   -0.20071E+04 14600   0.102E+03
DAV:   2    -0.840203122531E+02   -0.43138E+03   -0.41586E+03 21672   0.245E+02
DAV:   3    -0.140254076773E+03   -0.56234E+02   -0.55945E+02 16912   0.972E+01
DAV:   4    -0.141647131534E+03   -0.13931E+01   -0.13887E+01 17500   0.188E+01
DAV:   5    -0.141686892781E+03   -0.39761E-01   -0.39734E-01 19612   0.291E+00
RMM:   6    -0.141687901066E+03   -0.10083E-02   -0.10083E-02 15934   0.462E-01
RMM:   7    -0.141688025447E+03   -0.12438E-03   -0.12381E-03 22308   0.125E-01
RMM:   8    -0.141688026228E+03   -0.78023E-06   -0.96911E-06 13420   0.103E-02
   1 F= -.14168803E+03 E0= -.14168788E+03  d E =-.295117E-03
