       N       E                     dE             d eps       ncg     rms          rms(c)
DAV:   1    -0.453796039101E+03   -0.45380E+03   -0.28453E+02  1356   0.219E+01    0.557E-01
RMM:   2    -0.454784185089E+03   -0.98815E+00   -0.99161E+00  1420   0.572E+00    0.249E-01
RMM:   3    -0.454836484847E+03   -0.52300E-01   -0.58569E-01  1573   0.110E+00    0.176E-01
RMM:   4    -0.454840332120E+03   -0.38473E-02   -0.40772E-02  1619   0.316E-01    0.166E-01
RMM:   5    -0.454840436594E+03   -0.10447E-03   -0.34835E-03  1510   0.102E-01    0.339E-02
RMM:   6    -0.454840485114E+03   -0.48520E-04   -0.40066E-04  1578   0.401E-02    0.273E-02
RMM:   7    -0.454840491063E+03   -0.59485E-05   -0.18783E-05  1019   0.995E-03
   1 F= -.45484049E+03 E0= -.45484045E+03  d E =-.758228E-04
