       N       E                     dE             d eps       ncg     rms          rms(c)
DAV:   1    -0.452873703532E+03   -0.45287E+03   -0.28420E+02  1392   0.216E+01    0.505E-01
RMM:   2    -0.453862377012E+03   -0.98867E+00   -0.99130E+00  1413   0.570E+00    0.200E-01
RMM:   3    -0.453915227070E+03   -0.52850E-01   -0.58830E-01  1594   0.109E+00    0.176E-01
RMM:   4    -0.453918943491E+03   -0.37164E-02   -0.40993E-02  1557   0.328E-01    0.125E-01
RMM:   5    -0.453919120037E+03   -0.17655E-03   -0.34590E-03  1503   0.101E-01    0.239E-02
RMM:   6    -0.453919161104E+03   -0.41067E-04   -0.33039E-04  1381   0.323E-02    0.128E-02
RMM:   7    -0.453919163337E+03   -0.22336E-05   -0.22242E-05   995   0.108E-02
   1 F= -.45391916E+03 E0= -.45391908E+03  d E =-.171315E-03
