       N       E                     dE             d eps       ncg     rms          rms(c)
DAV:   1    -0.453292728455E+03   -0.45329E+03   -0.28416E+02  1344   0.216E+01    0.505E-01
RMM:   2    -0.454280455175E+03   -0.98773E+00   -0.99043E+00  1419   0.566E+00    0.217E-01
RMM:   3    -0.454332647262E+03   -0.52192E-01   -0.58574E-01  1581   0.110E+00    0.156E-01
RMM:   4    -0.454336503243E+03   -0.38560E-02   -0.40529E-02  1578   0.311E-01    0.155E-01
RMM:   5    -0.454336598263E+03   -0.95020E-04   -0.32134E-03  1509   0.917E-02    0.602E-02
RMM:   6    -0.454336626369E+03   -0.28106E-04   -0.51389E-04  1526   0.472E-02    0.183E-02
RMM:   7    -0.454336632534E+03   -0.61647E-05   -0.21326E-05  1029   0.108E-02
   1 F= -.45433663E+03 E0= -.45433658E+03  d E =-.114923E-03
