       N       E                     dE             d eps       ncg     rms          rms(c)
DAV:   1    -0.453298147152E+03   -0.45330E+03   -0.28411E+02  1356   0.216E+01    0.490E-01
RMM:   2    -0.454286002526E+03   -0.98786E+00   -0.99008E+00  1417   0.563E+00    0.197E-01
RMM:   3    -0.454338294007E+03   -0.52291E-01   -0.58469E-01  1572   0.109E+00    0.151E-01
RMM:   4    -0.454342240690E+03   -0.39467E-02   -0.41187E-02  1566   0.311E-01    0.152E-01
RMM:   5    -0.454342388246E+03   -0.14756E-03   -0.30137E-03  1532   0.822E-02    0.850E-02
RMM:   6    -0.454342393731E+03   -0.54850E-05   -0.51936E-04  1518   0.477E-02    0.100E-02
RMM:   7    -0.454342411435E+03   -0.17704E-04   -0.43105E-05  1182   0.151E-02    0.140E-02
RMM:   8    -0.454342414019E+03   -0.25841E-05   -0.92519E-06   939   0.768E-03
   1 F= -.45434241E+03 E0= -.45434236E+03  d E =-.111031E-03
