       N       E                     dE             d eps       ncg     rms          rms(c)
DAV:   1    -0.453337791725E+03   -0.45334E+03   -0.28412E+02  1356   0.216E+01    0.503E-01
RMM:   2    -0.454325132581E+03   -0.98734E+00   -0.98974E+00  1414   0.566E+00    0.195E-01
RMM:   3    -0.454377527835E+03   -0.52395E-01   -0.58526E-01  1600   0.109E+00    0.156E-01
RMM:   4    -0.454381385322E+03   -0.38575E-02   -0.40591E-02  1581   0.311E-01    0.151E-01
RMM:   5    -0.454381496216E+03   -0.11089E-03   -0.32899E-03  1508   0.952E-02    0.480E-02
RMM:   6    -0.454381533175E+03   -0.36959E-04   -0.42063E-04  1553   0.406E-02    0.144E-02
RMM:   7    -0.454381538829E+03   -0.56543E-05   -0.18586E-05  1006   0.102E-02
   1 F= -.45438154E+03 E0= -.45438147E+03  d E =-.140252E-03
