       N       E                     dE             d eps       ncg     rms          rms(c)
DAV:   1    -0.453292689906E+03   -0.45329E+03   -0.28415E+02  1344   0.216E+01    0.500E-01
RMM:   2    -0.454280613765E+03   -0.98792E+00   -0.99042E+00  1418   0.566E+00    0.207E-01
RMM:   3    -0.454332900414E+03   -0.52287E-01   -0.58572E-01  1573   0.110E+00    0.153E-01
RMM:   4    -0.454336784754E+03   -0.38843E-02   -0.40757E-02  1576   0.311E-01    0.152E-01
RMM:   5    -0.454336892019E+03   -0.10727E-03   -0.31863E-03  1513   0.906E-02    0.610E-02
RMM:   6    -0.454336918443E+03   -0.26424E-04   -0.49365E-04  1528   0.459E-02    0.151E-02
RMM:   7    -0.454336925683E+03   -0.72404E-05   -0.21456E-05  1031   0.109E-02
   1 F= -.45433693E+03 E0= -.45433687E+03  d E =-.120161E-03
