       N       E                     dE             d eps       ncg     rms          rms(c)
DAV:   1    -0.453501879077E+03   -0.45350E+03   -0.22742E+02  1092   0.149E+01    0.390E-01
RMM:   2    -0.454295359510E+03   -0.79348E+00   -0.79490E+00  1134   0.379E+00    0.161E-01
RMM:   3    -0.454336445579E+03   -0.41086E-01   -0.45810E-01  1232   0.731E-01    0.119E-01
RMM:   4    -0.454339663912E+03   -0.32183E-02   -0.33185E-02  1181   0.218E-01    0.120E-01
RMM:   5    -0.454339811745E+03   -0.14783E-03   -0.25052E-03  1197   0.682E-02    0.483E-02
RMM:   6    -0.454339846330E+03   -0.34585E-04   -0.34587E-04  1215   0.350E-02    0.974E-03
RMM:   7    -0.454339853837E+03   -0.75068E-05   -0.14004E-05   790   0.825E-03
   1 F= -.45433985E+03 E0= -.45433980E+03  d E =-.115512E-03
