       N       E                     dE             d eps       ncg     rms          rms(c)
DAV:   1    -0.454133835475E+03   -0.45413E+03   -0.56918E+01  1092   0.800E+00    0.124E-01
RMM:   2    -0.454327897760E+03   -0.19406E+00   -0.19427E+00  1128   0.193E+00    0.625E-02
RMM:   3    -0.454339285201E+03   -0.11387E-01   -0.12714E-01  1248   0.386E-01    0.439E-02
RMM:   4    -0.454339989963E+03   -0.70476E-03   -0.73892E-03   995   0.104E-01    0.338E-02
RMM:   5    -0.454340043109E+03   -0.53146E-04   -0.59326E-04  1132   0.348E-02    0.645E-03
RMM:   6    -0.454340048096E+03   -0.49870E-05   -0.43022E-05   818   0.995E-03
   1 F= -.45434005E+03 E0= -.45433999E+03  d E =-.114195E-03
