       N       E                     dE             d eps       ncg     rms          rms(c)
DAV:   1    -0.454133504230E+03   -0.45413E+03   -0.56918E+01  1080   0.800E+00    0.124E-01
RMM:   2    -0.454327539403E+03   -0.19404E+00   -0.19425E+00  1129   0.193E+00    0.629E-02
RMM:   3    -0.454338928039E+03   -0.11389E-01   -0.12717E-01  1239   0.387E-01    0.440E-02
RMM:   4    -0.454339631140E+03   -0.70310E-03   -0.73784E-03  1003   0.104E-01    0.337E-02
RMM:   5    -0.454339683692E+03   -0.52552E-04   -0.59245E-04  1130   0.347E-02    0.635E-03
RMM:   6    -0.454339689041E+03   -0.53489E-05   -0.42930E-05   819   0.998E-03
   1 F= -.45433969E+03 E0= -.45433963E+03  d E =-.114502E-03
