       N       E                     dE             d eps       ncg     rms          rms(c)
DAV:   1    -0.453294219230E+03   -0.45329E+03   -0.28415E+02  1356   0.216E+01    0.499E-01
RMM:   2    -0.454281802148E+03   -0.98758E+00   -0.99005E+00  1417   0.566E+00    0.206E-01
RMM:   3    -0.454334026813E+03   -0.52225E-01   -0.58497E-01  1580   0.110E+00    0.154E-01
RMM:   4    -0.454337905323E+03   -0.38785E-02   -0.40702E-02  1581   0.312E-01    0.152E-01
RMM:   5    -0.454338012231E+03   -0.10691E-03   -0.31848E-03  1511   0.907E-02    0.609E-02
RMM:   6    -0.454338038590E+03   -0.26359E-04   -0.49628E-04  1528   0.461E-02    0.158E-02
RMM:   7    -0.454338045310E+03   -0.67202E-05   -0.21912E-05  1037   0.110E-02
   1 F= -.45433805E+03 E0= -.45433799E+03  d E =-.115295E-03
