       N       E                     dE             d eps       ncg     rms          rms(c)
DAV:   1    -0.453292144946E+03   -0.45329E+03   -0.28413E+02  1356   0.217E+01    0.498E-01
RMM:   2    -0.454280105510E+03   -0.98796E+00   -0.99039E+00  1416   0.566E+00    0.204E-01
RMM:   3    -0.454332420993E+03   -0.52315E-01   -0.58575E-01  1574   0.110E+00    0.153E-01
RMM:   4    -0.454336290983E+03   -0.38700E-02   -0.40634E-02  1577   0.311E-01    0.151E-01
RMM:   5    -0.454336399319E+03   -0.10834E-03   -0.31855E-03  1511   0.906E-02    0.607E-02
RMM:   6    -0.454336425502E+03   -0.26183E-04   -0.49097E-04  1534   0.458E-02    0.148E-02
RMM:   7    -0.454336432713E+03   -0.72116E-05   -0.21790E-05  1032   0.110E-02
   1 F= -.45433643E+03 E0= -.45433637E+03  d E =-.117489E-03
