       N       E                     dE             d eps       ncg     rms          rms(c)
DAV:   1    -0.453291999605E+03   -0.45329E+03   -0.28414E+02  1356   0.217E+01    0.498E-01
RMM:   2    -0.454279730015E+03   -0.98773E+00   -0.99017E+00  1416   0.566E+00    0.205E-01
RMM:   3    -0.454331899771E+03   -0.52170E-01   -0.58433E-01  1575   0.110E+00    0.154E-01
RMM:   4    -0.454335842612E+03   -0.39428E-02   -0.41348E-02  1574   0.313E-01    0.152E-01
RMM:   5    -0.454335948336E+03   -0.10572E-03   -0.31805E-03  1512   0.906E-02    0.606E-02
RMM:   6    -0.454335975029E+03   -0.26693E-04   -0.48415E-04  1530   0.453E-02    0.142E-02
RMM:   7    -0.454335982450E+03   -0.74206E-05   -0.21308E-05  1029   0.109E-02
   1 F= -.45433598E+03 E0= -.45433593E+03  d E =-.111949E-03
