       N       E                     dE             d eps       ncg     rms          rms(c)
DAV:   1    -0.453290180336E+03   -0.45329E+03   -0.28412E+02  1356   0.217E+01    0.497E-01
RMM:   2    -0.454277924833E+03   -0.98774E+00   -0.99013E+00  1416   0.566E+00    0.199E-01
RMM:   3    -0.454330279608E+03   -0.52355E-01   -0.58558E-01  1584   0.109E+00    0.153E-01
RMM:   4    -0.454334144459E+03   -0.38649E-02   -0.40601E-02  1585   0.311E-01    0.151E-01
RMM:   5    -0.454334248369E+03   -0.10391E-03   -0.31359E-03  1515   0.900E-02    0.601E-02
RMM:   6    -0.454334274751E+03   -0.26381E-04   -0.47434E-04  1538   0.448E-02    0.139E-02
RMM:   7    -0.454334282021E+03   -0.72698E-05   -0.21244E-05  1029   0.109E-02
   1 F= -.45433428E+03 E0= -.45433422E+03  d E =-.115604E-03
