       N       E                     dE             d eps       ncg     rms          rms(c)
DAV:   1    -0.454133346676E+03   -0.45413E+03   -0.56919E+01  1080   0.800E+00    0.123E-01
RMM:   2    -0.454327442717E+03   -0.19410E+00   -0.19431E+00  1124   0.193E+00    0.627E-02
RMM:   3    -0.454338840163E+03   -0.11397E-01   -0.12726E-01  1248   0.387E-01    0.439E-02
RMM:   4    -0.454339544365E+03   -0.70420E-03   -0.73838E-03   992   0.104E-01    0.338E-02
RMM:   5    -0.454339597353E+03   -0.52988E-04   -0.59235E-04  1123   0.347E-02    0.647E-03
RMM:   6    -0.454339602321E+03   -0.49684E-05   -0.42921E-05   821   0.100E-02
   1 F= -.45433960E+03 E0= -.45433955E+03  d E =-.114298E-03
